image                         raw KB chunks   zen1 us   zenS us   fdef us   libd us   z1/fd  zS/fd  ld/fd
1207_rgb8_64                     9.0      1      11.0      11.4       9.1      10.9    1.21   1.25   1.20
1207_rgb8_256                  144.2      2     146.1     219.3     152.0     144.2    0.96   1.44   0.95
1207_rgb8_1024                2304.8     27    1980.1    1993.0    2102.4    1834.9    0.94   0.95   0.87
1207_rgb8_2560               14401.9    153   11679.2   11413.1   12419.2   10593.9    0.94   0.92   0.85
5207_rgb8_64                    12.3      1       7.3       7.4       7.8       7.1    0.94   0.95   0.91
5207_rgb8_256                  198.2      2      72.4      82.3      81.3      77.9    0.89   1.01   0.96
5207_rgb8_1024                3165.0     10     680.4     658.6     747.2     637.4    0.91   0.88   0.85
5207_rgb8_2560               19782.5     29    3134.8    2498.2    3494.7    2701.3    0.90   0.71   0.77
8007_rgb8_64                     1.8      1       2.7       2.9       3.6       2.6    0.75   0.82   0.74
8007_rgb8_256                   82.8      1      25.2      27.4      29.7      23.1    0.85   0.92   0.78
8007_rgb8_1024                1318.0      4     265.3     262.7     305.8     226.2    0.87   0.86   0.74
8007_rgb8_2560                7975.9      8     979.8     818.8    1113.6     831.0    0.88   0.74   0.75
8107_rgb8_64                     7.5      1       4.8       5.0       5.6       4.6    0.86   0.89   0.83
8107_rgb8_256                  120.2      1      45.7      47.2      48.5      43.9    0.94   0.97   0.91
8107_rgb8_1024                1920.6      8     560.7     553.2     576.7     528.8    0.97   0.96   0.92
8107_rgb8_2560                3797.8     12     932.0     893.1     983.8     853.3    0.95   0.91   0.87
1207_gray8_1024                768.8     11     805.0     812.9     826.4     822.5    0.97   0.98   1.00
1207_rgb16_1024               4608.8     35    2317.0    2233.5    2926.2    1921.0    0.79   0.76   0.66
1207_rgba8_1024               3072.8     34    2646.7    2640.3    2754.5    2455.4    0.96   0.96   0.89
5207_gray8_1024                792.0      4     229.3     235.2     250.3     214.8    0.92   0.94   0.86
5207_rgb16_1024               4747.0      9     806.8     729.2     955.2     690.1    0.84   0.76   0.72
5207_rgba8_1024               3165.0     16    1243.9    1235.3    1481.0     999.4    0.84   0.83   0.67
8107_gray8_1024                640.6      3     205.0     209.6     211.3     207.8    0.97   0.99   0.98
8107_rgb16_1024               3840.6     10     832.3     777.5     921.4     691.8    0.90   0.84   0.75
8107_rgba8_1024               2560.6     14    1099.4    1099.2    1252.0     942.3    0.88   0.88   0.75
median ratio vs fdeflate over 25 images: zen one-shot 0.911, zen stream 0.919, libdeflate 0.853
