image                         raw KB chunks   zen1 us   zenS us   fdef us   libd us   z1/fd  zS/fd  ld/fd
1207_rgb8_64                     9.0      1      11.0      11.4       9.2      10.7    1.20   1.24   1.17
1207_rgb8_256                  144.2      2     146.0     220.7     152.3     143.9    0.96   1.45   0.94
1207_rgb8_1024                2304.8     27    1986.6    1995.8    2089.4    1831.3    0.95   0.96   0.88
1207_rgb8_2560               14401.9    153   11628.2   11423.1   12364.9   10606.1    0.94   0.92   0.86
5207_rgb8_64                    12.3      1       7.3       7.5       7.7       7.1    0.95   0.97   0.92
5207_rgb8_256                  198.2      2      73.0      82.3      80.1      77.3    0.91   1.03   0.97
5207_rgb8_1024                3165.0     10     681.1     658.2     745.7     635.4    0.91   0.88   0.85
5207_rgb8_2560               19782.5     29    3217.8    2500.5    3525.5    2741.7    0.91   0.71   0.78
8007_rgb8_64                     1.8      1       2.7       2.9       4.0       2.6    0.68   0.74   0.67
8007_rgb8_256                   82.8      1      25.1      27.7      28.4      22.9    0.89   0.98   0.81
8007_rgb8_1024                1318.0      4     266.3     264.6     306.5     225.7    0.87   0.86   0.74
8007_rgb8_2560                7975.9      8     980.6     824.4    1115.3     832.8    0.88   0.74   0.75
8107_rgb8_64                     7.5      1       4.8       5.0       5.5       4.7    0.86   0.91   0.85
8107_rgb8_256                  120.2      1      46.2      47.3      49.0      43.7    0.94   0.96   0.89
8107_rgb8_1024                1920.6      8     562.6     555.6     578.6     528.4    0.97   0.96   0.91
8107_rgb8_2560                3797.8     12     933.5     895.0     985.3     856.7    0.95   0.91   0.87
1207_gray8_1024                768.8     11     805.8     813.8     828.6     823.7    0.97   0.98   0.99
1207_rgb16_1024               4608.8     35    2329.8    2235.6    2929.2    1923.6    0.80   0.76   0.66
1207_rgba8_1024               3072.8     34    2652.9    2658.1    2755.5    2455.1    0.96   0.96   0.89
5207_gray8_1024                792.0      4     229.6     235.0     250.5     214.5    0.92   0.94   0.86
5207_rgb16_1024               4747.0      9     808.1     728.8     953.4     693.9    0.85   0.76   0.73
5207_rgba8_1024               3165.0     16    1246.8    1236.8    1482.6    1000.8    0.84   0.83   0.68
8107_gray8_1024                640.6      3     207.8     209.8     212.2     207.0    0.98   0.99   0.98
8107_rgb16_1024               3840.6     10     833.5     778.7     922.8     690.4    0.90   0.84   0.75
8107_rgba8_1024               2560.6     14    1099.3    1099.3    1255.7     945.0    0.88   0.88   0.75
median ratio vs fdeflate over 25 images: zen one-shot 0.913, zen stream 0.924, libdeflate 0.856
