image                         raw KB chunks   zen1 us   zenS us   fdef us   libd us   z1/fd  zS/fd  ld/fd
1207_rgb8_64                     9.0      1      11.2      11.8       9.1      10.7    1.23   1.29   1.18
1207_rgb8_256                  144.2      2     151.2     218.0     152.2     143.4    0.99   1.43   0.94
1207_rgb8_1024                2304.8     27    2057.9    1980.7    2090.2    1831.1    0.98   0.95   0.88
1207_rgb8_2560               14401.9    153   12079.5   11341.8   12415.3   10533.0    0.97   0.91   0.85
5207_rgb8_64                    12.3      1       7.6       7.6       7.7       7.1    0.98   0.99   0.92
5207_rgb8_256                  198.2      2      73.6      82.4      79.1      77.8    0.93   1.04   0.98
5207_rgb8_1024                3165.0     10     690.9     666.6     745.9     636.2    0.93   0.89   0.85
5207_rgb8_2560               19782.5     29    3201.6    2498.8    3494.8    2702.3    0.92   0.71   0.77
8007_rgb8_64                     1.8      1       2.7       3.0       3.6       2.6    0.75   0.82   0.73
8007_rgb8_256                   82.8      1      25.7      28.0      30.4      22.9    0.85   0.92   0.76
8007_rgb8_1024                1318.0      4     268.9     264.4     303.7     226.3    0.89   0.87   0.75
8007_rgb8_2560                7975.9      8     977.5     825.4    1122.8     833.9    0.87   0.74   0.74
8107_rgb8_64                     7.5      1       5.1       5.3       5.5       4.6    0.92   0.97   0.84
8107_rgb8_256                  120.2      1      47.1      48.7      48.7      44.1    0.97   1.00   0.90
8107_rgb8_1024                1920.6      8     570.4     558.9     573.1     527.1    1.00   0.98   0.92
8107_rgb8_2560                3797.8     12     950.7     892.4     981.4     854.4    0.97   0.91   0.87
1207_gray8_1024                768.8     11     830.5     801.5     823.5     820.4    1.01   0.97   1.00
1207_rgb16_1024               4608.8     35    2473.3    2266.5    2925.4    1922.1    0.85   0.77   0.66
1207_rgba8_1024               3072.8     34    2752.7    2630.7    2758.4    2420.1    1.00   0.95   0.88
5207_gray8_1024                792.0      4     233.4     238.5     250.9     215.2    0.93   0.95   0.86
5207_rgb16_1024               4747.0      9     842.1     741.1     956.8     701.6    0.88   0.77   0.73
5207_rgba8_1024               3165.0     16    1263.4    1240.1    1480.2     998.7    0.85   0.84   0.67
8107_gray8_1024                640.6      3     209.8     210.5     210.4     208.7    1.00   1.00   0.99
8107_rgb16_1024               3840.6     10     867.1     782.5     918.0     687.5    0.94   0.85   0.75
8107_rgba8_1024               2560.6     14    1118.6    1098.6    1253.3     944.1    0.89   0.88   0.75
median ratio vs fdeflate over 25 images: zen one-shot 0.930, zen stream 0.922, libdeflate 0.853
