image                         raw KB chunks   zen1 us   zenS us   fdef us   libd us   z1/fd  zS/fd  ld/fd
1207_rgb8_64                     9.0      1      11.0      11.3       9.1      10.7    1.21   1.24   1.17
1207_rgb8_256                  144.2      2     145.4     219.6     152.5     143.9    0.95   1.44   0.94
1207_rgb8_1024                2304.8     27    1982.8    1996.4    2093.6    1840.7    0.95   0.95   0.88
1207_rgb8_2560               14401.9    153   11621.4   11426.8   12377.6   10583.9    0.94   0.92   0.86
5207_rgb8_64                    12.3      1       7.3       7.4       7.7       7.1    0.95   0.96   0.91
5207_rgb8_256                  198.2      2      72.3      82.1      80.1      77.7    0.90   1.03   0.97
5207_rgb8_1024                3165.0     10     680.9     660.3     748.1     636.2    0.91   0.88   0.85
5207_rgb8_2560               19782.5     29    3116.2    2499.1    3459.6    2659.2    0.90   0.72   0.77
8007_rgb8_64                     1.8      1       2.7       3.0       3.9       2.6    0.70   0.76   0.68
8007_rgb8_256                   82.8      1      25.1      27.6      28.4      22.8    0.88   0.97   0.80
8007_rgb8_1024                1318.0      4     265.1     264.9     304.4     227.0    0.87   0.87   0.75
8007_rgb8_2560                7975.9      8     978.6     823.9    1121.5     830.4    0.87   0.73   0.74
8107_rgb8_64                     7.5      1       4.8       4.9       5.9       4.7    0.81   0.84   0.79
8107_rgb8_256                  120.2      1      46.2      47.2      48.5      43.7    0.95   0.97   0.90
8107_rgb8_1024                1920.6      8     559.2     556.1     574.5     527.1    0.97   0.97   0.92
8107_rgb8_2560                3797.8     12     931.4     894.5     990.0     857.0    0.94   0.90   0.87
1207_gray8_1024                768.8     11     805.8     809.5     829.2     825.9    0.97   0.98   1.00
1207_rgb16_1024               4608.8     35    2316.6    2229.5    2938.4    1926.3    0.79   0.76   0.66
1207_rgba8_1024               3072.8     34    2645.0    2637.8    2760.8    2445.8    0.96   0.96   0.89
5207_gray8_1024                792.0      4     228.3     237.1     252.2     214.2    0.91   0.94   0.85
5207_rgb16_1024               4747.0      9     813.9     725.9     954.6     692.1    0.85   0.76   0.73
5207_rgba8_1024               3165.0     16    1244.4    1244.0    1484.6    1004.9    0.84   0.84   0.68
8107_gray8_1024                640.6      3     206.3     209.5     211.8     208.5    0.97   0.99   0.98
8107_rgb16_1024               3840.6     10     840.4     779.5     922.8     691.7    0.91   0.84   0.75
8107_rgba8_1024               2560.6     14    1096.1    1106.2    1253.2     939.0    0.87   0.88   0.75
median ratio vs fdeflate over 25 images: zen one-shot 0.910, zen stream 0.923, libdeflate 0.850
