image                         raw KB chunks   zen1 us   zenS us   fdef us   libd us   z1/fd  zS/fd  ld/fd
1207_rgb8_64                     9.0      1      11.2      11.9       9.0      10.7    1.24   1.32   1.19
1207_rgb8_256                  144.2      2     151.1     218.6     153.3     143.4    0.99   1.43   0.94
1207_rgb8_1024                2304.8     27    2066.3    1981.0    2090.1    1829.3    0.99   0.95   0.88
1207_rgb8_2560               14401.9    153   12263.4   11380.4   12393.4   10592.2    0.99   0.92   0.85
5207_rgb8_64                    12.3      1       7.7       7.9       7.7       7.3    1.00   1.02   0.94
5207_rgb8_256                  198.2      2      74.2      82.0      80.0      77.8    0.93   1.02   0.97
5207_rgb8_1024                3165.0     10     691.1     668.2     744.1     638.1    0.93   0.90   0.86
5207_rgb8_2560               19782.5     29    3223.1    2499.6    3545.3    2715.7    0.91   0.71   0.77
8007_rgb8_64                     1.8      1       2.8       3.0       3.6       2.7    0.76   0.83   0.73
8007_rgb8_256                   82.8      1      25.9      28.0      30.3      22.9    0.86   0.93   0.76
8007_rgb8_1024                1318.0      4     268.4     263.8     305.3     225.5    0.88   0.86   0.74
8007_rgb8_2560                7975.9      8     984.7     815.9    1109.9     831.6    0.89   0.74   0.75
8107_rgb8_64                     7.5      1       4.9       5.1       5.5       4.6    0.89   0.93   0.84
8107_rgb8_256                  120.2      1      47.5      48.1      48.0      43.8    0.99   1.00   0.91
8107_rgb8_1024                1920.6      8     572.4     559.0     572.5     528.3    1.00   0.98   0.92
8107_rgb8_2560                3797.8     12     948.7     894.0     979.1     857.1    0.97   0.91   0.88
1207_gray8_1024                768.8     11     835.1     801.6     831.8     825.5    1.00   0.96   0.99
1207_rgb16_1024               4608.8     35    2494.3    2267.2    2937.4    1921.6    0.85   0.77   0.65
1207_rgba8_1024               3072.8     34    2761.5    2626.9    2766.9    2448.3    1.00   0.95   0.88
5207_gray8_1024                792.0      4     235.1     237.7     249.9     215.5    0.94   0.95   0.86
5207_rgb16_1024               4747.0      9     843.0     731.1     947.0     695.2    0.89   0.77   0.73
5207_rgba8_1024               3165.0     16    1264.5    1241.3    1481.8    1003.1    0.85   0.84   0.68
8107_gray8_1024                640.6      3     211.1     211.6     210.4     208.0    1.00   1.01   0.99
8107_rgb16_1024               3840.6     10     868.5     781.8     914.7     691.9    0.95   0.85   0.76
8107_rgba8_1024               2560.6     14    1117.5    1100.4    1250.1     942.5    0.89   0.88   0.75
median ratio vs fdeflate over 25 images: zen one-shot 0.941, zen stream 0.925, libdeflate 0.857
