image                         raw KB chunks   zen1 us   zenS us   fdef us   libd us   z1/fd  zS/fd  ld/fd
1207_rgb8_64                     9.0      1      11.2      11.8       9.2      10.8    1.21   1.29   1.17
1207_rgb8_256                  144.2      2     150.8     218.1     152.9     144.3    0.99   1.43   0.94
1207_rgb8_1024                2304.8     27    2062.1    1984.0    2090.3    1838.4    0.99   0.95   0.88
1207_rgb8_2560               14401.9    153   12257.3   11383.8   12483.2   10581.9    0.98   0.91   0.85
5207_rgb8_64                    12.3      1       7.7       7.9       7.9       7.1    0.98   1.00   0.90
5207_rgb8_256                  198.2      2     118.0      84.6     134.5     119.3    0.88   0.63   0.89
5207_rgb8_1024                3165.0     10     691.9     666.7     747.1     638.6    0.93   0.89   0.85
5207_rgb8_2560               19782.5     29    3239.8    2497.4    3524.6    2728.3    0.92   0.71   0.77
8007_rgb8_64                     1.8      1       2.7       3.0       3.8       2.6    0.70   0.78   0.69
8007_rgb8_256                   82.8      1      25.5      28.1      29.8      23.1    0.86   0.94   0.77
8007_rgb8_1024                1318.0      4     269.1     264.1     302.9     226.3    0.89   0.87   0.75
8007_rgb8_2560                7975.9      8     979.7     814.6    1116.2     845.0    0.88   0.73   0.76
8107_rgb8_64                     7.5      1       4.9       5.1       5.5       4.7    0.89   0.93   0.84
8107_rgb8_256                  120.2      1      47.4      47.3      48.8      43.6    0.97   0.97   0.89
8107_rgb8_1024                1920.6      8     571.5     556.7     577.3     528.2    0.99   0.96   0.91
8107_rgb8_2560                3797.8     12     957.1     894.9     998.6     869.3    0.96   0.90   0.87
1207_gray8_1024                768.8     11     832.4     800.1     826.4     820.4    1.01   0.97   0.99
1207_rgb16_1024               4608.8     35    2476.9    2269.1    2926.5    1918.7    0.85   0.78   0.66
1207_rgba8_1024               3072.8     34    2754.4    2639.6    2756.5    2432.8    1.00   0.96   0.88
5207_gray8_1024                792.0      4     232.9     238.9     249.6     214.5    0.93   0.96   0.86
5207_rgb16_1024               4747.0      9     835.0     733.0     948.4     693.8    0.88   0.77   0.73
5207_rgba8_1024               3165.0     16    1265.0    1237.6    1480.5     995.4    0.85   0.84   0.67
8107_gray8_1024                640.6      3     210.5     211.2     211.0     208.4    1.00   1.00   0.99
8107_rgb16_1024               3840.6     10     873.0     781.9     919.4     691.3    0.95   0.85   0.75
8107_rgba8_1024               2560.6     14    1121.6    1100.8    1254.4     946.1    0.89   0.88   0.75
median ratio vs fdeflate over 25 images: zen one-shot 0.933, zen stream 0.912, libdeflate 0.855
